865076 2.9E-4
1068408 2.4E-4
946809 2.4E-4
865075 1.0E-4
724175 1.0E-4
2634 8.0E-5
1189280 7.0E-5
365 7.0E-5
865079 6.0E-5
70179 6.0E-5
51 6.0E-5
522 6.0E-5
406228 5.0E-5
526 5.0E-5
2353 5.0E-5
2136 5.0E-5
6039 5.0E-5
1085939 5.0E-5
860136 4.0E-5
466996 4.0E-5
305788 4.0E-5
69423 4.0E-5
19389 4.0E-5
1266031 4.0E-5
945696 4.0E-5
1188076 4.0E-5
61233 4.0E-5
5102 4.0E-5
56198 4.0E-5
3951 4.0E-5
8510 4.0E-5
6459 4.0E-5
3094 4.0E-5
2005 4.0E-5
6072 4.0E-5
1960 4.0E-5
8813 4.0E-5
8098 4.0E-5
10267 4.0E-5
12673 4.0E-5
532327 4.0E-5
9515 4.0E-5
423818 4.0E-5
985852 3.0E-5
969622 3.0E-5
962441 3.0E-5
955519 3.0E-5
954435 3.0E-5
94998 3.0E-5
883870 3.0E-5