865076 5.516666666666667E-4
1068408 3.606666666666667E-4
946809 2.2566666666666666E-4
724175 1.8E-4
865075 1.5266666666666667E-4
423818 1.15E-4
2634 8.6E-5
1101476 7.7E-5
865079 7.3E-5
522 7.1E-5
406228 6.6E-5
1188076 6.333333333333333E-5
1189280 6.3E-5
483 6.233333333333334E-5
4626 5.833333333333333E-5
205734 5.633333333333333E-5
7031 5.633333333333333E-5
1324 5.633333333333333E-5
12673 5.1666666666666664E-5
526 5.1E-5
2353 5.1E-5
2381 5.066666666666667E-5
6039 5.066666666666667E-5
14422 5.0333333333333335E-5
958 5.0E-5
1623 4.933333333333333E-5
365 4.9E-5
47983 4.8666666666666666E-5
8098 4.8333333333333334E-5
2635 4.7333333333333336E-5
36 4.633333333333333E-5
3098 4.2E-5
14734 4.133333333333333E-5
1584 4.133333333333333E-5
4919 4.066666666666667E-5
454 3.8E-5
3105 3.766666666666667E-5
1085939 3.766666666666667E-5
6071 3.733333333333333E-5
407314 3.6666666666666666E-5
715543 3.6666666666666666E-5
6074 3.6666666666666666E-5
2136 3.633333333333333E-5
3955 3.6E-5
13760 3.566666666666667E-5
5871 3.566666666666667E-5
8071 3.5333333333333336E-5
1081 3.5E-5
1432 3.4666666666666665E-5
14421 3.3333333333333335E-5