865076 4.256676721562652E-4
1068408 2.49290640619698E-4
946809 1.8418362779814432E-4
724175 1.421320959357819E-4
865075 1.1532944877103358E-4
423818 9.107695638506712E-5
2634 6.78653435006443E-5
522 5.8809691837214774E-5
1101476 5.714428463474497E-5
865079 5.480230575627182E-5
406228 5.4490041905808733E-5
1189280 5.032652389963423E-5
1188076 4.970199619870806E-5
483 4.782841309592954E-5
1324 4.501803844176175E-5
2381 4.366489508975504E-5
4626 4.246788366297987E-5
7031 4.2311751737748326E-5
526 4.12708722362047E-5
2353 3.9709552983889265E-5
958 3.9241157208194636E-5
365 3.9189113233117456E-5
47983 3.8720717457422826E-5
205734 3.861662950726846E-5
12673 3.643078255402685E-5
1623 3.5337859077406045E-5
36 3.419289162570806E-5
6039 3.4036759700476515E-5
8098 3.3724495850013424E-5
2635 3.3152012124164435E-5
1085939 3.221522057277517E-5
6071 3.1850912747234905E-5
715543 3.1538648896771814E-5
454 3.1486604921694635E-5
14734 3.127842902138591E-5
3105 3.0601857345382555E-5
3098 3.039368144507383E-5
14422 3.0081417594610742E-5
407314 2.997732964445638E-5
6074 2.9613021818916112E-5
4919 2.914462604322148E-5
1432 2.8780318217681212E-5
3094 2.867623026752685E-5
8071 2.7114911015211414E-5
3955 2.6698559214593964E-5
2136 2.6698559214593964E-5
1584 2.654242728936242E-5
1081 2.612607548874497E-5
4762 2.57617676632047E-5
6633 2.5449503812741614E-5