113605 0.010134725587875497
174465 0.008848934341502029
51553 0.006179715665027517
50673 0.0033157155538232346
865076 0.00321520230470929
51163 0.0029669009849066807
7134 0.0027535100852257963
54274 0.002092784801622371
724175 0.00206023639715789
946809 0.0020476122564167267
51575 0.002016391568368778
54878 0.0019376183697389262
81383 0.0019027503884217196
69281 0.0017541353267844795
1068408 0.0017479834637785974
938362 0.0017467607573082092
406228 0.0017332857810165609
51527 0.001729837813839803
865079 0.0017123604097440566
1103313 0.0016533271060099658
50732 0.0016279521347315456
591587 0.0016230229042525617
517649 0.0015334210937357265
227559 0.0014777808103587447
110193 0.0013158591804227262
972752 0.001305406356464502
50676 0.0012705298624446084
58043 0.001227160850325687
74905 0.0012020921932429222
459209 0.0011883075437132352
51776 0.0011815729298829993
50627 0.0011758266080900961
498652 0.0010882505537529808
2022 0.001084336371778261
1081 0.0010683399669778526
459421 0.0010450268543175177
423818 0.0010225664363911412
836 0.001014585494186112
66482 0.0010021560327677895
499414 9.841809345070584E-4
73797 9.623790974017311E-4
628 9.50646703898474E-4
82131 9.415757068557279E-4
51533 9.209399817862982E-4
2634 8.973461020312024E-4
522 8.932514570698717E-4
951521 8.82892887079641E-4
55124 8.608362424129851E-4
111478 8.225502416629972E-4
512548 8.035188380230021E-4