1
2
3
4
5
7
8
9
12
14
15
16
17
19
20
21
23
24
26
28
30
31
32
33
34
35
36
37
38
39
41
42
43
46
47
49
50
51
52
57
60
61
62
65
66
67
82
83
84
85
94
95
96
97
98
100
102
103
104
106
112
115
116
118
119
120
121
122
126
127
129
131
132
133
135
138
141
148
149
150
151
154
156
157
158
160
162
164
165
166
167
168
174
175
176
178
179
183
184
187
194
195
197
198
199
200
201
202
204
205
206
207
212
214
220
221
223
224
225
227
228
230
236
237
239
245
246
250
256
257
261
262
266
272
276
280
283
286
287
288
289
290
291
293
298
299
302
303
305
306
307
308
311
313
315
316
317
318
319
320
321
325
330
332
337
343
347
350
354
364
365
368
374
375
376
377
378
380
381
382
384
389
394
397
398
399
400
401
403
404
413
417
418
419
420
421
422
424
425
426
428
432
434
436
439
440
444
446
450
454
457
459
462
463
466
468
471
473
476
478
479
483
485
488
491
497
499
502
506
507
509
510
514
516
518
520
522
523
524
525
526
527
528
529
530
532
533
535
536
537
538
541
542
543
547
548
550
551
553
556
557
560
563
564
567
569
570
572
573
574
576
577
580
585
587
588
589
594
595
597
601
604
606
611
616
618
619
622
624
625
627
628
629
631
633
634
637
638
639
641
643
645
646
647
649
651
652
653
656
657
658
659
660
661
662
663
664
667
676
679
680
681
683
686
687
692
693
703
704
705
706
707
710
712
714
717
720
721
723
726
728
729
730
731
734
736
737
738
739
740
741
742
744
746
747
764
765
768
770
775
776
777
779
781
782
785
787
790
793
794
798
799
801
806
807
809
811
812
818
819
820
822
824
825
828
829
831
832
833
834
836
837
838
839
840
852
856
857
859
860
861
863
864
866
871
872
874
878
879
881
884
885
886
889
893
894
895
896
898
899
900
902
903
905
907
909
910
914
915
917
922
926
929
933
934
935
938
939
940
941
944
948
952
953
954
955
956
957
958
959
960
961
965
967
969
972
973
974
975
976
977
978
979
982
984
985
987
990
991
993
996
997
