1.    1081      0.004553002274572407
2.    522       0.0044386943829794944
3.    454       0.004138393198080993
4.    2634      0.004073155469124571
5.    365       0.003283928396922257
6.    36        0.0032176455530789545
7.    526       0.0030803691772139903
8.    3930      0.003063550972956846
9.    1324      0.002820977442177573
10.   7031      0.0027115795036899673
11.   483       0.0026530032422741245
12.   3094      0.0026281708813645425
13.   2381      0.002560895998637812
14.   1306      0.0024529858571575944
15.   6287      0.0022618918869654306
16.   9765      0.002211177266954863
17.   4762      0.0021647480739986577
18.   1432      0.002154896448773721
19.   2353      0.002135283535061532
20.   5608      0.0020417970013954885
